xof 0303txt 0032

template XSkinMeshHeader {
  <3cf169ce-ff7c-44ab-93c0-f78f62d172e2>
  WORD nMaxSkinWeightsPerVertex;
  WORD nMaxSkinWeightsPerFace;
  WORD nBones;
}

template SkinWeights {
  <6f0d123b-bad2-4167-a0d0-80224f25fabb>
  STRING transformNodeName;
  DWORD nWeights;
  array DWORD vertexIndices[nWeights];
  array float weights[nWeights];
  Matrix4x4 matrixOffset;
}

Frame Root {
  FrameTransformMatrix {
     1.000000, 0.000000, 0.000000, 0.000000,
     0.000000, 0.000000, 1.000000, 0.000000,
     0.000000, 1.000000,-0.000000, 0.000000,
     0.000000, 0.000000, 0.000000, 1.000000;;
  }
  Frame Armature_001 {
    FrameTransformMatrix {
      92.726295, 0.000000, 0.000000, 0.000000,
       0.000000,-0.000059,92.726295, 0.000000,
       0.000000,-92.726295,-0.000059, 0.000000,
      -137.347488,48.842766,27.063076, 1.000000;;
    }
    Frame Armature_001_Bone {
      FrameTransformMatrix {
         1.000000, 0.000000, 0.000000, 0.000000,
         0.000000, 0.000000, 1.000000, 0.000000,
         0.000000,-1.000000, 0.000000, 0.000000,
         1.115769, 0.000000,-0.000008, 1.000000;;
      }
    } //End of Armature_001_Bone
    Frame Armature {
      FrameTransformMatrix {
         0.010784, 0.000000, 0.000000, 0.000000,
         0.000000,-0.000000,-0.010784, 0.000000,
         0.000000, 0.010784,-0.000000, 0.000000,
         1.481214,-0.291860, 0.526741, 1.000000;;
      }
      Frame Armature_hip {
        FrameTransformMatrix {
           0.000003, 0.984124, 0.177483, 0.000000,
           0.000033,-0.177483, 0.984124, 0.000000,
           1.000000, 0.000003,-0.000033, 0.000000,
           0.000000,-0.143657,60.209900, 1.000000;;
        }
        Frame Armature_spine {
          FrameTransformMatrix {
            -0.000024,-0.000097,-1.000000, 0.000000,
             0.277878, 0.960616,-0.000100, 0.000000,
             0.960616,-0.277878, 0.000004, 0.000000,
             0.000000,16.240810,-0.000000, 1.000000;;
          }
          Frame Armature_chest {
            FrameTransformMatrix {
               1.000000, 0.000100, 0.000013, 0.000000,
              -0.000099, 0.946246, 0.323447, 0.000000,
               0.000020,-0.323447, 0.946246, 0.000000,
               0.000000,14.751029,-0.000000, 1.000000;;
            }
            Frame Armature_neck {
              FrameTransformMatrix {
                 1.000000,-0.000034, 0.000000, 0.000000,
                 0.000029, 0.849928,-0.526900, 0.000000,
                 0.000018, 0.526900, 0.849928, 0.000000,
                 0.000000,13.680855,-0.000000, 1.000000;;
              }
              Frame Armature_head {
                FrameTransformMatrix {
                   1.000000,-0.000000,-0.000000, 0.000000,
                   0.000000, 0.992284, 0.123987, 0.000000,
                  -0.000000,-0.123987, 0.992284, 0.000000,
                   0.000000, 5.047316,-0.000000, 1.000000;;
                }
              } //End of Armature_head
            } //End of Armature_neck
            Frame Armature_shoulder_L {
              FrameTransformMatrix {
                -0.081019, 0.894997,-0.438654, 0.000000,
                -0.996471,-0.082432, 0.015858, 0.000000,
                -0.021966, 0.438390, 0.898516, 0.000000,
                -4.071178,12.058803, 1.818216, 1.000000;;
              }
              Frame Armature_upper_arm_L {
                FrameTransformMatrix {
                  -0.994227,-0.104323,-0.025089, 0.000000,
                  -0.106615, 0.986847, 0.121521, 0.000000,
                   0.012082, 0.123495,-0.992272, 0.000000,
                  -0.000005, 9.521424, 0.000000, 1.000000;;
                }
                Frame Armature_forearm_L {
                  FrameTransformMatrix {
                     0.999485, 0.030799, 0.009042, 0.000000,
                    -0.031661, 0.992286, 0.119855, 0.000000,
                    -0.005281,-0.120080, 0.992750, 0.000000,
                    -0.000001,20.201399,-0.000000, 1.000000;;
                  }
                  Frame Armature_hand_L {
                    FrameTransformMatrix {
                       0.005339, 0.018528, 0.999814, 0.000000,
                      -0.132717, 0.990997,-0.017656, 0.000000,
                      -0.991140,-0.132598, 0.007750, 0.000000,
                      -0.000001,16.671902, 0.000000, 1.000000;;
                    }
                    Frame Armature_thumb01_L {
                      FrameTransformMatrix {
                        -0.133949,-0.210256,-0.968427, 0.000000,
                         0.384110, 0.889824,-0.246319, 0.000000,
                         0.913519,-0.404977,-0.038430, 0.000000,
                         4.251338, 5.986768,-1.762599, 1.000000;;
                      }
                      Frame Armature_thumb02_L {
                        FrameTransformMatrix {
                           0.976514,-0.107004, 0.187004, 0.000000,
                           0.135292, 0.980034,-0.145702, 0.000000,
                          -0.167680, 0.167580, 0.971494, 0.000000,
                           0.000000, 2.992839, 0.000002, 1.000000;;
                        }
                      } //End of Armature_thumb02_L
                    } //End of Armature_thumb01_L
                    Frame Armature_f_index01_L {
                      FrameTransformMatrix {
                         0.995173,-0.090638, 0.037621, 0.000000,
                         0.093632, 0.991761,-0.087421, 0.000000,
                        -0.029387, 0.090521, 0.995461, 0.000000,
                         2.632379, 8.861794, 0.190291, 1.000000;;
                      }
                      Frame Armature_f_index02_L {
                        FrameTransformMatrix {
                           0.999062, 0.021692,-0.037470, 0.000000,
                          -0.013066, 0.976142, 0.216739, 0.000000,
                           0.041278,-0.216046, 0.975510, 0.000000,
                          -0.000001, 2.614656,-0.000002, 1.000000;;
                        }
                      } //End of Armature_f_index02_L
                    } //End of Armature_f_index01_L
                    Frame Armature_f_middle01_L {
                      FrameTransformMatrix {
                         0.999336,-0.035989,-0.005737, 0.000000,
                         0.033925, 0.976185,-0.214273, 0.000000,
                         0.013312, 0.213936, 0.976757, 0.000000,
                         0.006454, 9.306125, 0.053670, 1.000000;;
                      }
                      Frame Armature_f_middle02_L {
                        FrameTransformMatrix {
                           0.999448,-0.033088,-0.002956, 0.000000,
                           0.032287, 0.988461,-0.147995, 0.000000,
                           0.007819, 0.147818, 0.988984, 0.000000,
                          -0.000000, 2.862917,-0.000004, 1.000000;;
                        }
                      } //End of Armature_f_middle02_L
                    } //End of Armature_f_middle01_L
                    Frame Armature_f_ring01_L {
                      FrameTransformMatrix {
                         0.997169, 0.044367, 0.060712, 0.000000,
                        -0.024466, 0.954883,-0.295973, 0.000000,
                        -0.071104, 0.293650, 0.953265, 0.000000,
                        -2.463407, 8.931700,-0.782180, 1.000000;;
                      }
                      Frame Armature_f_ring02_L {
                        FrameTransformMatrix {
                           0.987694,-0.121988,-0.097870, 0.000000,
                           0.092150, 0.959547,-0.266042, 0.000000,
                           0.126365, 0.253750, 0.958980, 0.000000,
                           0.000000, 2.534106, 0.000008, 1.000000;;
                        }
                      } //End of Armature_f_ring02_L
                    } //End of Armature_f_ring01_L
                    Frame Armature_f_pinky01_L {
                      FrameTransformMatrix {
                         0.995981, 0.078020, 0.043990, 0.000000,
                        -0.053962, 0.914692,-0.400533, 0.000000,
                        -0.071487, 0.396549, 0.915226, 0.000000,
                        -4.641798, 8.279922,-1.817377, 1.000000;;
                      }
                      Frame Armature_f_pinky02_L {
                        FrameTransformMatrix {
                           0.954419,-0.298153,-0.013770, 0.000000,
                           0.275876, 0.898838,-0.340562, 0.000000,
                           0.113916, 0.321240, 0.940121, 0.000000,
                          -0.000001, 2.649792, 0.000002, 1.000000;;
                        }
                      } //End of Armature_f_pinky02_L
                    } //End of Armature_f_pinky01_L
                  } //End of Armature_hand_L
                } //End of Armature_forearm_L
              } //End of Armature_upper_arm_L
            } //End of Armature_shoulder_L
            Frame Armature_shoulder_R {
              FrameTransformMatrix {
                -0.081080,-0.894991, 0.438654, 0.000000,
                 0.996465,-0.082500, 0.015858, 0.000000,
                 0.021996, 0.438389, 0.898516, 0.000000,
                 4.071068,12.058523, 1.818216, 1.000000;;
              }
              Frame Armature_upper_arm_R {
                FrameTransformMatrix {
                  -0.360413, 0.932398, 0.027146, 0.000000,
                   0.929851, 0.356815, 0.089777, 0.000000,
                   0.074021, 0.057598,-0.995592, 0.000000,
                   0.000003, 9.521424,-0.000000, 1.000000;;
                }
                Frame Armature_forearm_R {
                  FrameTransformMatrix {
                     0.999485,-0.030799,-0.009042, 0.000000,
                     0.031661, 0.992286, 0.119855, 0.000000,
                     0.005281,-0.120080, 0.992750, 0.000000,
                    -0.000004,20.201401, 0.000000, 1.000000;;
                  }
                  Frame Armature_hand_R {
                    FrameTransformMatrix {
                       0.005339,-0.018528,-0.999814, 0.000000,
                       0.132717, 0.990997,-0.017656, 0.000000,
                       0.991140,-0.132598, 0.007750, 0.000000,
                       0.000002,16.671907, 0.000000, 1.000000;;
                    }
                    Frame Armature_thumb01_R {
                      FrameTransformMatrix {
                        -0.133949, 0.210256, 0.968427, 0.000000,
                        -0.384110, 0.889824,-0.246319, 0.000000,
                        -0.913519,-0.404976,-0.038430, 0.000000,
                        -4.251340, 5.986766,-1.762604, 1.000000;;
                      }
                      Frame Armature_thumb02_R {
                        FrameTransformMatrix {
                           0.976514, 0.107004,-0.187004, 0.000000,
                          -0.135292, 0.980034,-0.145702, 0.000000,
                           0.167680, 0.167580, 0.971494, 0.000000,
                          -0.000001, 2.992839, 0.000001, 1.000000;;
                        }
                      } //End of Armature_thumb02_R
                    } //End of Armature_thumb01_R
                    Frame Armature_f_pinky01_R {
                      FrameTransformMatrix {
                         0.995981,-0.078020,-0.043990, 0.000000,
                         0.053962, 0.914692,-0.400533, 0.000000,
                         0.071487, 0.396549, 0.915226, 0.000000,
                         4.641796, 8.279922,-1.817384, 1.000000;;
                      }
                      Frame Armature_f_pinky02_R {
                        FrameTransformMatrix {
                           0.954419, 0.298153, 0.013770, 0.000000,
                          -0.275876, 0.898838,-0.340562, 0.000000,
                          -0.113916, 0.321240, 0.940121, 0.000000,
                           0.000000, 2.649788, 0.000001, 1.000000;;
                        }
                      } //End of Armature_f_pinky02_R
                    } //End of Armature_f_pinky01_R
                    Frame Armature_f_index01_R {
                      FrameTransformMatrix {
                         0.995173, 0.090638,-0.037621, 0.000000,
                        -0.093632, 0.991761,-0.087421, 0.000000,
                         0.029388, 0.090521, 0.995461, 0.000000,
                        -2.632380, 8.861791, 0.190284, 1.000000;;
                      }
                      Frame Armature_f_index02_R {
                        FrameTransformMatrix {
                           0.999062,-0.021692, 0.037470, 0.000000,
                           0.013066, 0.976142, 0.216739, 0.000000,
                          -0.041278,-0.216046, 0.975510, 0.000000,
                          -0.000000, 2.614665, 0.000001, 1.000000;;
                        }
                      } //End of Armature_f_index02_R
                    } //End of Armature_f_index01_R
                    Frame Armature_f_middle01_R {
                      FrameTransformMatrix {
                         0.999336, 0.035989, 0.005737, 0.000000,
                        -0.033925, 0.976184,-0.214273, 0.000000,
                        -0.013312, 0.213936, 0.976757, 0.000000,
                        -0.006454, 9.306121, 0.053666, 1.000000;;
                      }
                      Frame Armature_f_middle02_R {
                        FrameTransformMatrix {
                           0.999448, 0.033088, 0.002956, 0.000000,
                          -0.032287, 0.988461,-0.147995, 0.000000,
                          -0.007819, 0.147818, 0.988984, 0.000000,
                           0.000000, 2.862920, 0.000001, 1.000000;;
                        }
                      } //End of Armature_f_middle02_R
                    } //End of Armature_f_middle01_R
                    Frame Armature_f_ring01_R {
                      FrameTransformMatrix {
                         0.997169,-0.044367,-0.060712, 0.000000,
                         0.024466, 0.954883,-0.295973, 0.000000,
                         0.071104, 0.293650, 0.953265, 0.000000,
                         2.463406, 8.931702,-0.782187, 1.000000;;
                      }
                      Frame Armature_f_ring02_R {
                        FrameTransformMatrix {
                           0.987694, 0.121988, 0.097870, 0.000000,
                          -0.092150, 0.959547,-0.266042, 0.000000,
                          -0.126365, 0.253750, 0.958980, 0.000000,
                          -0.000001, 2.534104, 0.000006, 1.000000;;
                        }
                      } //End of Armature_f_ring02_R
                    } //End of Armature_f_ring01_R
                  } //End of Armature_hand_R
                } //End of Armature_forearm_R
              } //End of Armature_upper_arm_R
            } //End of Armature_shoulder_R
          } //End of Armature_chest
        } //End of Armature_spine
        Frame Armature_thigh_L {
          FrameTransformMatrix {
            -0.013073,-0.095992,-0.995297, 0.000000,
            -0.057476,-0.993663, 0.096589, 0.000000,
            -0.998262, 0.058469, 0.007474, 0.000000,
            -0.448654, 3.078630, 8.026266, 1.000000;;
          }
          Frame Armature_shin_L {
            FrameTransformMatrix {
               0.993001,-0.117681,-0.010032, 0.000000,
               0.117072, 0.991960,-0.048058, 0.000000,
               0.015606, 0.046547, 0.998794, 0.000000,
              -0.000001,27.549755, 0.000000, 1.000000;;
            }
            Frame Armature_foot_L {
              FrameTransformMatrix {
                 0.997107,-0.004888,-0.075852, 0.000000,
                 0.074243, 0.276545, 0.958129, 0.000000,
                 0.016293,-0.960989, 0.276107, 0.000000,
                 0.000000,28.965521,-0.000000, 1.000000;;
              }
              Frame Armature_toe_L {
                FrameTransformMatrix {
                   0.997565,-0.048373,-0.050242, 0.000000,
                   0.062817, 0.936167, 0.345899, 0.000000,
                   0.030302,-0.348213, 0.936926, 0.000000,
                   0.000000, 8.939517,-0.000000, 1.000000;;
                }
              } //End of Armature_toe_L
            } //End of Armature_foot_L
          } //End of Armature_shin_L
        } //End of Armature_thigh_L
        Frame Armature_thigh_R {
          FrameTransformMatrix {
             0.013057, 0.095927,-0.995306, 0.000000,
            -0.057477,-0.993670,-0.096524, 0.000000,
            -0.998271, 0.058467,-0.007472, 0.000000,
            -0.448706, 3.078106,-8.026464, 1.000000;;
          }
          Frame Armature_shin_R {
            FrameTransformMatrix {
               0.993001, 0.117681, 0.010032, 0.000000,
              -0.117072, 0.991960,-0.048058, 0.000000,
              -0.015607, 0.046547, 0.998794, 0.000000,
              -0.000000,27.549747,-0.000001, 1.000000;;
            }
            Frame Armature_foot_R {
              FrameTransformMatrix {
                 0.997107, 0.004888, 0.075853, 0.000000,
                -0.074243, 0.276545, 0.958129, 0.000000,
                -0.016294,-0.960989, 0.276107, 0.000000,
                -0.000000,28.965521,-0.000000, 1.000000;;
              }
              Frame Armature_toe_R {
                FrameTransformMatrix {
                   0.997565, 0.048374, 0.050241, 0.000000,
                  -0.062817, 0.936167, 0.345899, 0.000000,
                  -0.030302,-0.348213, 0.936926, 0.000000,
                   0.000000, 8.939520, 0.000000, 1.000000;;
                }
              } //End of Armature_toe_R
            } //End of Armature_foot_R
          } //End of Armature_shin_R
        } //End of Armature_thigh_R
      } //End of Armature_hip
      Frame Mesh {
        FrameTransformMatrix {
          10.954210, 0.000000, 0.000000, 0.000000,
           0.000000,-0.000002,10.954211, 0.000000,
           0.000000,-10.954211,-0.000002, 0.000000,
          -136.898438,-0.000009,33.909157, 1.000000;;
        }
        Mesh { //SMG_Plane_001 Mesh
          12115;
           0.257303; 0.418724; 0.398783;,
           0.257303; 0.178932; 1.791419;,
           0.257303; 0.363387; 2.003542;,
           0.257303; 0.557065; 0.491011;,
          -0.231503;-1.900621; 0.020650;,
           0.192743;-1.900621; 0.020650;,
           0.192743;-0.401923; 0.804584;,
          -0.231503;-0.401923; 0.804584;,
           0.192743;-1.900621; 1.256499;,
          -0.231503;-1.900621; 1.256499;,
          -0.231503;-0.401923; 2.021988;,
           0.192743;-0.401923; 2.021988;,
           0.192743;-0.401923; 2.021988;,
           0.192743;-0.401923; 0.804584;,
           0.192743;-1.900621; 0.020650;,
           0.192743;-1.900621; 1.256499;,
          -0.231503;-0.401923; 2.021988;,
          -0.231503;-1.900621; 1.256499;,
          -0.231503;-1.900621; 0.020650;,
          -0.231503;-0.401923; 0.804584;,
          -0.019114;-0.358751; 1.762999;,
          -0.091051;-0.401923; 1.762237;,
          -0.108365;-0.401923; 0.919505;,
          -0.021646;-0.358751; 0.922982;,
          -0.231503;-1.900621; 1.256499;,
           0.192743;-1.900621; 1.256499;,
           0.192743;-1.900621; 0.020650;,
          -0.231503;-1.900621; 0.020650;,
           0.220412;-1.884990; 0.256029;,
           0.220412;-0.401923; 1.016708;,
           0.192743;-0.401923; 1.007485;,
           0.192743;-1.884990; 0.246806;,
          -0.259171;-1.884990; 0.256029;,
          -0.231503;-1.884990; 0.246806;,
          -0.231503;-0.401923; 1.007485;,
          -0.259171;-0.401923; 1.016708;,
           0.220412;-1.884990; 0.514266;,
           0.220412;-1.884990; 0.256029;,
           0.192743;-1.884990; 0.246806;,
           0.192743;-1.884990; 0.523489;,
          -0.259171;-1.884990; 0.514266;,
          -0.231503;-1.884990; 0.523489;,
          -0.231503;-1.884990; 0.246806;,
          -0.259171;-1.884990; 0.256029;,
           0.220412;-0.401923; 1.016708;,
           0.220412;-0.401923; 1.274945;,
           0.192743;-0.401923; 1.284167;,
           0.192743;-0.401923; 1.007485;,
          -0.259171;-0.401923; 1.016708;,
          -0.231503;-0.401923; 1.007485;,
          -0.231503;-0.401923; 1.284167;,
          -0.259171;-0.401923; 1.274945;,
           0.220412;-0.401923; 1.274945;,
           0.220412;-1.884990; 0.514266;,
           0.192743;-1.884990; 0.523489;,
           0.192743;-0.401923; 1.284167;,
          -0.259171;-0.401923; 1.274945;,
          -0.231503;-0.401923; 1.284167;,
          -0.231503;-1.884990; 0.523489;,
          -0.259171;-1.884990; 0.514266;,
           0.220412;-1.884990; 0.624939;,
           0.220412;-0.401923; 1.385618;,
           0.192743;-0.401923; 1.376395;,
           0.192743;-1.884990; 0.615716;,
          -0.259171;-1.884990; 0.624939;,
          -0.231503;-1.884990; 0.615716;,
          -0.231503;-0.401923; 1.376395;,
          -0.259171;-0.401923; 1.385618;,
           0.220412;-1.884990; 0.883176;,
           0.220412;-1.884990; 0.624939;,
           0.192743;-1.884990; 0.615716;,
           0.192743;-1.884990; 0.892399;,
          -0.259171;-1.884990; 0.883176;,
          -0.231503;-1.884990; 0.892399;,
          -0.231503;-1.884990; 0.615716;,
          -0.259171;-1.884990; 0.624939;,
           0.220412;-0.401923; 1.385618;,
           0.220412;-0.401923; 1.643855;,
           0.192743;-0.401923; 1.653078;,
           0.192743;-0.401923; 1.376395;,
          -0.259171;-0.401923; 1.385618;,
          -0.231503;-0.401923; 1.376395;,
          -0.231503;-0.401923; 1.653078;,
          -0.259171;-0.401923; 1.643855;,
           0.220412;-0.401923; 1.643855;,
           0.220412;-1.884990; 0.883176;,
           0.192743;-1.884990; 0.892399;,
           0.192743;-0.401923; 1.653078;,
          -0.259171;-0.401923; 1.643855;,
          -0.231503;-0.401923; 1.653078;,
          -0.231503;-1.884990; 0.892399;,
          -0.259171;-1.884990; 0.883176;,
           0.220412;-0.401923; 1.274945;,
           0.220412;-0.401923; 1.016708;,
           0.220412;-1.884990; 0.256029;,
           0.220412;-1.884990; 0.514266;,
          -0.259171;-0.401923; 1.274945;,
          -0.259171;-1.884990; 0.514266;,
          -0.259171;-1.884990; 0.256029;,
          -0.259171;-0.401923; 1.016708;,
           0.220412;-0.401923; 1.643855;,
           0.220412;-0.401923; 1.385618;,
           0.220412;-1.884990; 0.624939;,
           0.220412;-1.884990; 0.883176;,
          -0.259171;-0.401923; 1.643855;,
          -0.259171;-1.884990; 0.883176;,
          -0.259171;-1.884990; 0.624939;,
          -0.259171;-0.401923; 1.385618;,
           0.054894;-0.401923; 0.926052;,
          -0.231503;-0.401923; 0.804584;,
           0.192743;-0.401923; 0.804584;,
           0.053382;-0.401923; 1.754038;,
           0.054894;-0.401923; 0.926052;,
           0.192743;-0.401923; 0.804584;,
           0.192743;-0.401923; 2.021988;,
          -0.002709;-0.401923; 1.933636;,
           0.053382;-0.401923; 1.754038;,
           0.192743;-0.401923; 2.021988;,
          -0.036896;-0.401923; 1.933525;,
           0.192743;-0.401923; 2.021988;,
          -0.231503;-0.401923; 2.021988;,
          -0.091051;-0.401923; 1.762237;,
          -0.036896;-0.401923; 1.933525;,
          -0.231503;-0.401923; 2.021988;,
          -0.108365;-0.401923; 0.919505;,
          -0.091051;-0.401923; 1.762237;,
          -0.231503;-0.401923; 2.021988;,
          -0.231503;-0.401923; 0.804584;,
           0.053382;-0.401923; 1.754038;,
          -0.019114;-0.358751; 1.762999;,
          -0.021646;-0.358751; 0.922982;,
           0.054894;-0.401923; 0.926052;,
          -0.002709;-0.401923; 1.933636;,
          -0.018599;-0.380391; 1.933584;,
          -0.019114;-0.358751; 1.762999;,
           0.053382;-0.401923; 1.754038;,
          -0.018599;-0.380391; 1.933584;,
          -0.036896;-0.401923; 1.933525;,
          -0.091051;-0.401923; 1.762237;,
          -0.019114;-0.358751; 1.762999;,
          -0.036896;-0.401923; 1.933525;,
          -0.002709;-0.401923; 1.933636;,
           0.192743;-0.401923; 2.021988;,
          -0.036896;-0.401923; 1.933525;,
          -0.018599;-0.380391; 1.933584;,
          -0.002709;-0.401923; 1.933636;,
           0.054894;-0.401923; 0.926052;,
          -0.108365;-0.401923; 0.919505;,
          -0.231503;-0.401923; 0.804584;,
           0.054894;-0.401923; 0.926052;,
          -0.021646;-0.358751; 0.922982;,
          -0.108365;-0.401923; 0.919505;,
           0.257303; 0.603179; 1.985097;,
           0.165075; 0.603179; 1.985097;,
           0.165075; 0.557065; 1.985097;,
           0.257303; 0.557065; 1.985097;,
           0.303417; 0.529397; 1.828310;,
           0.497094; 0.529397; 1.828310;,
           0.497094; 0.630847; 1.828310;,
           0.303417; 0.630847; 1.828310;,
           0.303417; 0.630847; 1.957429;,
           0.364902; 0.630847; 1.929760;,
           0.364902; 0.529397; 1.929760;,
           0.303417; 0.529397; 1.957429;,
           0.364902; 0.630847; 1.929760;,
           0.435610; 0.630847; 1.929760;,
           0.435610; 0.529397; 1.929760;,
           0.364902; 0.529397; 1.929760;,
           0.497094; 0.630847; 1.957429;,
           0.497094; 0.529397; 1.957429;,
           0.435610; 0.529397; 1.929760;,
           0.435610; 0.630847; 1.929760;,
           0.303417; 0.529397; 1.828310;,
           0.303417; 0.510951; 1.846756;,
           0.497094; 0.510951; 1.846756;,
           0.497094; 0.529397; 1.828310;,
           0.303417; 0.649293; 1.846756;,
           0.303417; 0.630847; 1.828310;,
           0.497094; 0.630847; 1.828310;,
           0.497094; 0.649293; 1.846756;,
           0.303417; 0.510951; 1.938983;,
           0.364902; 0.510951; 1.911315;,
           0.303417; 0.510951; 1.846756;,
           0.303417; 0.510951; 1.938983;,
           0.303417; 0.529397; 1.957429;,
           0.364902; 0.529397; 1.929760;,
           0.364902; 0.510951; 1.911315;,
           0.364902; 0.510951; 1.911315;,
           0.364902; 0.529397; 1.929760;,
           0.435610; 0.529397; 1.929760;,
           0.435610; 0.510951; 1.911315;,
           0.303417; 0.630847; 1.957429;,
           0.303417; 0.649293; 1.938983;,
           0.364902; 0.649293; 1.911315;,
           0.364902; 0.630847; 1.929760;,
           0.303417; 0.649293; 1.938983;,
           0.303417; 0.649293; 1.846756;,
           0.364902; 0.649293; 1.911315;,
           0.364902; 0.630847; 1.929760;,
           0.364902; 0.649293; 1.911315;,
           0.435610; 0.649293; 1.911315;,
           0.435610; 0.630847; 1.929760;,
           0.497094; 0.510951; 1.846756;,
           0.303417; 0.510951; 1.846756;,
           0.364902; 0.510951; 1.911315;,
           0.435610; 0.510951; 1.911315;,
           0.497094; 0.649293; 1.938983;,
           0.435610; 0.649293; 1.911315;,
           0.497094; 0.649293; 1.846756;,
           0.497094; 0.649293; 1.938983;,
           0.497094; 0.630847; 1.957429;,
           0.435610; 0.630847; 1.929760;,
           0.435610; 0.649293; 1.911315;,
           0.497094; 0.529397; 1.957429;,
           0.497094; 0.510951; 1.938983;,
           0.435610; 0.510951; 1.911315;,
           0.435610; 0.529397; 1.929760;,
           0.497094; 0.510951; 1.938983;,
           0.497094; 0.510951; 1.846756;,
           0.435610; 0.510951; 1.911315;,
           0.515540; 0.529397; 1.938983;,
           0.497094; 0.510951; 1.938983;,
           0.497094; 0.529397; 1.957429;,
           0.515540; 0.529397; 1.938983;,
           0.515540; 0.529397; 1.846756;,
           0.497094; 0.510951; 1.846756;,
           0.497094; 0.510951; 1.938983;,
           0.515540; 0.630847; 1.938983;,
           0.497094; 0.630847; 1.957429;,
           0.497094; 0.649293; 1.938983;,
           0.515540; 0.630847; 1.846756;,
           0.515540; 0.630847; 1.938983;,
           0.497094; 0.649293; 1.938983;,
           0.497094; 0.649293; 1.846756;,
           0.515540; 0.529397; 1.846756;,
           0.497094; 0.529397; 1.828310;,
           0.497094; 0.510951; 1.846756;,
           0.515540; 0.630847; 1.846756;,
           0.497094; 0.649293; 1.846756;,
           0.497094; 0.630847; 1.828310;,
           0.515540; 0.529397; 1.846756;,
           0.515540; 0.630847; 1.846756;,
           0.497094; 0.630847; 1.828310;,
           0.497094; 0.529397; 1.828310;,
           0.515540; 0.630847; 1.938983;,
           0.515540; 0.529397; 1.938983;,
           0.497094; 0.529397; 1.957429;,
           0.497094; 0.630847; 1.957429;,
           0.515540; 0.529397; 1.846756;,
           0.515540; 0.529397; 1.938983;,
           0.515540; 0.630847; 1.938983;,
           0.515540; 0.630847; 1.846756;,
           0.284971; 0.630847; 1.846756;,
           0.284971; 0.529397; 1.846756;,
           0.303417; 0.529397; 1.828310;,
           0.303417; 0.630847; 1.828310;,
           0.284971; 0.529397; 1.846756;,
           0.303417; 0.510951; 1.846756;,
           0.303417; 0.529397; 1.828310;,
           0.284971; 0.630847; 1.846756;,
           0.303417; 0.630847; 1.828310;,
           0.303417; 0.649293; 1.846756;,
           0.284971; 0.630847; 1.938983;,
           0.284971; 0.630847; 1.846756;,
           0.303417; 0.649293; 1.846756;,
           0.303417; 0.649293; 1.938983;,
           0.284971; 0.529397; 1.846756;,
           0.284971; 0.529397; 1.938983;,
           0.303417; 0.510951; 1.938983;,
           0.303417; 0.510951; 1.846756;,
           0.284971; 0.529397; 1.938983;,
           0.303417; 0.529397; 1.957429;,
           0.303417; 0.510951; 1.938983;,
           0.284971; 0.630847; 1.938983;,
           0.303417; 0.649293; 1.938983;,
           0.303417; 0.630847; 1.957429;,
           0.284971; 0.529397; 1.938983;,
           0.284971; 0.630847; 1.938983;,
           0.303417; 0.630847; 1.957429;,
           0.303417; 0.529397; 1.957429;,
           0.284971; 0.529397; 1.938983;,
           0.284971; 0.529397; 1.846756;,
           0.284971; 0.630847; 1.846756;,
           0.284971; 0.630847; 1.938983;,
           0.211189; 0.243491;-4.295599;,
           0.211189;-0.199201;-4.295599;,
           0.211189;-0.199201;-4.203372;,
           0.211189; 0.243491;-4.203372;,
           0.211189;-0.199201;-4.295599;,
           0.211189;-0.641893;-4.387827;,
           0.211189;-0.641893;-4.295599;,
           0.211189;-0.199201;-4.203372;,
          -0.249949;-0.199201;-4.295599;,
          -0.249949;-0.199201;-4.203372;,
          -0.249949;-0.641893;-4.295599;,
          -0.249949;-0.641893;-4.387827;,
           0.137407;-0.817125;-4.452386;,
          -0.019380;-0.881685;-4.498500;,
          -0.019380;-0.881685;-4.406272;,
           0.137407;-0.817125;-4.360158;,
          -0.176167;-0.817125;-4.452386;,
          -0.176167;-0.817125;-4.360158;,
          -0.019380;-0.881685;-4.406272;,
          -0.019380;-0.881685;-4.498500;,
           0.211189; 0.704629;-4.360158;,
           0.211189; 0.243491;-4.295599;,
           0.211189; 0.243491;-4.203372;,
           0.211189; 0.704629;-4.267931;,
           0.118961; 0.815302;-4.406272;,
           0.211189; 0.704629;-4.360158;,
           0.211189; 0.704629;-4.267931;,
           0.118961; 0.815302;-4.314045;,
           0.211189;-0.641893;-4.387827;,
           0.137407;-0.817125;-4.452386;,
           0.137407;-0.817125;-4.360158;,
           0.211189;-0.641893;-4.295599;,
          -0.249949;-0.641893;-4.387827;,
          -0.249949;-0.641893;-4.295599;,
          -0.176167;-0.817125;-4.360158;,
          -0.176167;-0.817125;-4.452386;,
          -0.249949; 0.704629;-4.360158;,
           0.211189; 0.704629;-4.360158;,
           0.118961; 0.815302;-4.406272;,
          -0.157721; 0.815302;-4.406272;,
           0.211189; 0.243491;-4.295599;,
           0.211189; 0.704629;-4.360158;,
          -0.249949; 0.704629;-4.360158;,
          -0.249949; 0.243491;-4.295599;,
          -0.249949; 0.704629;-4.267931;,
          -0.203835; 0.676961;-4.267931;,
          -0.203835; 0.243491;-4.203372;,
          -0.249949; 0.243491;-4.203372;,
           0.211189; 0.243491;-4.203372;,
           0.211189;-0.199201;-4.203372;,
           0.165075;-0.199201;-4.203372;,
           0.165075; 0.243491;-4.203372;,
          -0.249949; 0.243491;-4.203372;,
          -0.203835; 0.243491;-4.203372;,
          -0.203835;-0.199201;-4.203372;,
          -0.249949;-0.199201;-4.203372;,
           0.165075;-0.199201;-4.203372;,
           0.211189;-0.199201;-4.203372;,
           0.211189;-0.641893;-4.295599;,
           0.165075;-0.641893;-4.295599;,
          -0.037826;-0.605002;-0.287159;,
          -0.000934;-0.605002;-0.287159;,
          -0.000934;-0.595779;-0.388609;,
          -0.037826;-0.595779;-0.388609;,
          -0.019380;-0.531220;-0.397832;,
           0.008288;-0.531220;-0.431022;,
           0.003677;-0.568111;-0.384908;,
          -0.019380;-0.568111;-0.351718;,
          -0.019380;-0.568111;-0.351718;,
          -0.037826;-0.605002;-0.287159;,
          -0.042436;-0.568111;-0.384908;,
          -0.037826;-0.595779;-0.388609;,
          -0.000934;-0.595779;-0.388609;,
           0.003677;-0.563500;-0.443946;,
          -0.042436;-0.563500;-0.443946;,
          -0.042436;-0.563500;-0.443946;,
           0.003677;-0.563500;-0.443946;,
           0.008288;-0.531220;-0.480837;,
          -0.047048;-0.531220;-0.480837;,
          -0.000934;-0.605002;-0.287159;,
           0.003677;-0.568111;-0.384908;,
           0.003677;-0.563500;-0.443946;,
          -0.000934;-0.595779;-0.388609;,
          -0.037826;-0.605002;-0.287159;,
          -0.037826;-0.595779;-0.388609;,
          -0.042436;-0.563500;-0.443946;,
          -0.042436;-0.568111;-0.384908;,
           0.003677;-0.568111;-0.384908;,
           0.008288;-0.531220;-0.431022;,
           0.008288;-0.531220;-0.480837;,
           0.003677;-0.563500;-0.443946;,
          -0.042436;-0.568111;-0.384908;,
          -0.042436;-0.563500;-0.443946;,
          -0.047048;-0.531220;-0.480837;,
          -0.047048;-0.531220;-0.431022;,
          -0.019380;-0.420547;-0.434723;,
           0.017511;-0.420547;-0.467913;,
           0.012900;-0.475884;-0.458690;,
          -0.019380;-0.475884;-0.425500;,
          -0.019380;-0.475884;-0.425500;,
           0.012900;-0.475884;-0.458690;,
           0.008288;-0.531220;-0.431022;,
          -0.019380;-0.531220;-0.397832;,
          -0.047048;-0.531220;-0.480837;,
           0.008288;-0.531220;-0.480837;,
           0.012900;-0.475884;-0.513117;,
          -0.051659;-0.475884;-0.513117;,
          -0.051659;-0.475884;-0.513117;,
           0.012900;-0.475884;-0.513117;,
           0.017511;-0.420547;-0.526951;,
          -0.056271;-0.420547;-0.526951;,
           0.008288;-0.531220;-0.431022;,
           0.012900;-0.475884;-0.458690;,
           0.012900;-0.475884;-0.513117;,
           0.008288;-0.531220;-0.480837;,
          -0.047048;-0.531220;-0.431022;,
          -0.047048;-0.531220;-0.480837;,
          -0.051659;-0.475884;-0.513117;,
          -0.051659;-0.475884;-0.458690;,
           0.012900;-0.475884;-0.458690;,
           0.017511;-0.420547;-0.467913;,
           0.017511;-0.420547;-0.526951;,
           0.012900;-0.475884;-0.513117;,
          -0.051659;-0.475884;-0.458690;,
          -0.051659;-0.475884;-0.513117;,
          -0.056271;-0.420547;-0.526951;,
          -0.056271;-0.420547;-0.467913;,
          -0.019380;-0.309874;-0.379387;,
           0.026734;-0.309874;-0.412576;,
           0.022123;-0.365210;-0.449467;,
          -0.019380;-0.365210;-0.416278;,
          -0.019380;-0.365210;-0.416278;,
           0.022123;-0.365210;-0.449467;,
           0.017511;-0.420547;-0.467913;,
          -0.019380;-0.420547;-0.434723;,
          -0.056271;-0.420547;-0.526951;,
           0.017511;-0.420547;-0.526951;,
           0.022123;-0.365211;-0.513117;,
          -0.060882;-0.365211;-0.513117;,
          -0.060882;-0.365211;-0.513117;,
           0.022123;-0.365211;-0.513117;,
           0.026734;-0.309874;-0.480837;,
          -0.065494;-0.309874;-0.480837;,
           0.017511;-0.420547;-0.467913;,
           0.022123;-0.365210;-0.449467;,
           0.022123;-0.365211;-0.513117;,
           0.017511;-0.420547;-0.526951;,
          -0.056271;-0.420547;-0.467913;,
          -0.056271;-0.420547;-0.526951;,
          -0.060882;-0.365211;-0.513117;,
          -0.060882;-0.365210;-0.449467;,
           0.022123;-0.365210;-0.449467;,
           0.026734;-0.309874;-0.412576;,
           0.026734;-0.309874;-0.480837;,
           0.022123;-0.365211;-0.513117;,
          -0.060882;-0.365210;-0.449467;,
          -0.060882;-0.365211;-0.513117;,
          -0.065494;-0.309874;-0.480837;,
          -0.065494;-0.309874;-0.412576;,
          -0.019380;-0.180755;-0.204154;,
           0.035957;-0.180755;-0.237344;,
           0.031346;-0.245315;-0.334183;,
          -0.019380;-0.245315;-0.300993;,
          -0.019380;-0.245315;-0.300993;,
           0.031346;-0.245315;-0.334183;,
           0.026734;-0.309874;-0.412576;,
          -0.019380;-0.309874;-0.379387;,
           0.031346;-0.245315;-0.443946;,
          -0.070105;-0.245315;-0.443946;,
          -0.065494;-0.309874;-0.480837;,
           0.026734;-0.309874;-0.480837;,
          -0.070105;-0.245315;-0.443946;,
           0.031346;-0.245315;-0.443946;,
           0.035957;-0.180755;-0.388609;,
          -0.074717;-0.180755;-0.388609;,
           0.031346;-0.245315;-0.334183;,
           0.035957;-0.180755;-0.237344;,
           0.035957;-0.180755;-0.388609;,
           0.031346;-0.245315;-0.443946;,
          -0.074717;-0.180755;-0.388609;,
          -0.074717;-0.180755;-0.237344;,
          -0.070105;-0.245315;-0.334183;,
          -0.070105;-0.245315;-0.443946;,
           0.031346;-0.245315;-0.443946;,
           0.026734;-0.309874;-0.480837;,
           0.026734;-0.309874;-0.412576;,
           0.031346;-0.245315;-0.334183;,
          -0.070105;-0.245315;-0.443946;,
          -0.070105;-0.245315;-0.334183;,
          -0.065494;-0.309874;-0.412576;,
          -0.065494;-0.309874;-0.480837;,
          -0.148499; 0.298828;-3.271873;,
          -0.148499; 0.298828;-2.847626;,
           0.109739; 0.298828;-2.847626;,
           0.109739; 0.298828;-3.271873;,
           0.109739; 0.298828;-1.501104;,
           0.109739; 0.298828;-2.534053;,
          -0.148499; 0.298828;-2.534053;,
          -0.148499; 0.298828;-1.501104;,
           0.109739; 0.298828;-2.847626;,
           0.165075; 0.363387;-2.810735;,
           0.165075; 0.363387;-3.271873;,
           0.109739; 0.298828;-3.271873;,
          -0.148499; 0.298828;-2.847626;,
          -0.148499; 0.298828;-3.271873;,
          -0.203835; 0.363387;-3.271873;,
          -0.203835; 0.363387;-2.810735;,
           0.109739; 0.298828;-1.501104;,
           0.165075; 0.363387;-1.501104;,
           0.165075; 0.363387;-2.570944;,
           0.109739; 0.298828;-2.534053;,
          -0.148499; 0.298828;-1.501104;,
          -0.148499; 0.298828;-2.534053;,
          -0.203835; 0.363387;-2.570944;,
          -0.203835; 0.363387;-1.501104;,
           0.165075; 0.363387;-2.810735;,
          -0.203835; 0.363387;-2.810735;,
